1 1
0.727774 1.15249 1.27649 1.26855 0.808813 0.494676 0.951159 1.10554 1.11976 1.40064 
13821.3 14278.1 16671.9 2786.52 6639.85 5508.12 3300.94 990.392 6449.63 4622.18 
-25143.3 -27387.6 -14716 600.522 -5371.89 -4456.58 -2291.98 -468.831 -6066.67 -2918.99 

1 2
0.728073 1.15267 1.28033 1.2688 0.809016 0.495138 0.951396 1.10582 1.1201 1.40105 
13835.3 14372 16661.3 2788.77 6639.92 5504.26 3301.09 990.138 6450.84 4623.87 
-25134.9 -27383.4 -14687 600.52 -5366.48 -4452.2 -2289.85 -468.199 -6062.93 -2917.19 

1 3
0.7283 1.1528 1.28329 1.26899 0.809168 0.495496 0.951574 1.10603 1.12035 1.40136 
13849.5 14471.4 16656.5 2793.93 6640.1 5501.36 3294.87 993.12 6453.16 4623.99 
-25128.5 -27380.3 -14664.7 600.51 -5362.33 -4448.83 -2288.23 -467.731 -6060.08 -2915.83 

1 4
0.728454 1.15288 1.28536 1.26911 0.809272 0.49575 0.951694 1.10616 1.12052 1.40156 
13864.4 14564.6 16656.9 2788.89 6638.67 5499.49 3294.62 996.209 6453.36 4624.73 
-25124.2 -27378.4 -14649.2 600.497 -5359.47 -4446.49 -2287.11 -467.428 -6058.14 -2914.9 

1 5
0.728536 1.15291 1.28653 1.26918 0.809326 0.495901 0.951756 1.10621 1.12061 1.40166 
13885.8 14670.6 16668.1 2783.87 6637.52 5499.28 3297.09 998.519 6457.73 4630.47 
-25121.9 -27377.5 -14640.6 600.477 -5357.89 -4445.18 -2286.49 -467.289 -6057.11 -2914.42 

1 6
0.728546 1.15289 1.28679 1.26918 0.80933 0.495947 0.95176 1.10618 1.1206 1.40166 
13908.7 14734 16684 2789.2 6637.68 5499.56 3297.22 998.706 6461.55 4635.58 
-25121.7 -27377.8 -14638.8 600.454 -5357.6 -4444.9 -2286.39 -467.315 -6056.99 -2914.37 

1 7
0.728611 1.1529 1.28679 1.26916 0.809343 0.495994 0.95175 1.10615 1.12062 1.40164 
13928.4 14815.9 16701 2801.78 6643.13 5500.33 3293.3 1001.42 6466.06 4637.84 
-25119.9 -27377.4 -14638.8 600.414 -5357.58 -4444.81 -2286.39 -467.346 -6056.96 -2914.38 

1 8
0.728661 1.1529 1.2867 1.26916 0.809357 0.496044 0.951742 1.10613 1.12069 1.40167 
13942.7 14910.1 16717.8 2801.09 6648.49 5501.29 3293.4 1004.6 6471.07 4641.58 
-25118.4 -27377.1 -14639.3 600.415 -5357.6 -4444.76 -2286.4 -467.362 -6056.82 -2914.32 

1 9
0.728671 1.15293 1.28672 1.26915 0.809347 0.496083 0.951716 1.10617 1.12071 1.40169 
13967.6 15006.1 16737.7 2803.45 6648.08 5501.58 3288.4 1006.52 6473.61 4646.75 
-25118.1 -27376.7 -14639.1 600.381 -5357.6 -4444.68 -2286.43 -467.308 -6056.73 -2914.25 

1 10
0.728652 1.15296 1.28674 1.26914 0.809337 0.496104 0.951706 1.10624 1.12074 1.40173 
13986.5 15103.6 16757.1 2807.78 6651.06 5502.86 3291.27 1006.61 6475.45 4652.33 
-25118.6 -27376.3 -14638.9 600.336 -5357.62 -4444.63 -2286.43 -467.221 -6056.59 -2914.15 

2 1
0.72807 1.15267 1.27976 1.26879 0.809011 0.495067 0.951432 1.10582 1.12011 1.40109 
14022.3 15193 16833.3 2811.94 6664.14 5513.29 3297.52 1009.99 6483.09 4659.23 
-25134.9 -27383.4 -14691.1 600.575 -5367.12 -4452.76 -2289.98 -468.226 -6063.19 -2917.24 

2 2
0.728369 1.15285 1.28362 1.26904 0.809214 0.495529 0.951668 1.10611 1.12046 1.4015 
14030.3 15281.4 16819.1 2812.13 6658.34 5509.27 3297.2 1011.42 6485.19 4660.74 
-25126.5 -27379.2 -14662 600.57 -5361.7 -4448.37 -2287.85 -467.594 -6059.44 -2915.44 

2 3
0.728596 1.15298 1.2866 1.26923 0.809366 0.495887 0.951846 1.10632 1.12071 1.4018 
14047.4 15355.3 16809 2811.9 6651.86 5506.21 3295.53 1015.36 6487.05 4665.26 
-25120.1 -27376.2 -14639.7 600.559 -5357.54 -4445 -2286.23 -467.125 -6056.59 -2914.07 

2 4
0.728751 1.15306 1.28868 1.26935 0.80947 0.496142 0.951967 1.10644 1.12088 1.40201 
14064.8 15450.3 16810 2810.76 6648.48 5504.67 3295.53 1019.34 6487.24 4669.54 
-25115.8 -27374.2 -14624.2 600.541 -5354.67 -4442.66 -2285.1 -466.822 -6054.65 -2913.15 

2 5
0.728833 1.15309 1.28986 1.26942 0.809524 0.496292 0.952029 1.10649 1.12096 1.40211 
14074.2 15541.8 16817.6 2808.16 6648.01 5504.33 3294.76 1019.28 6490.33 4671.78 
-25113.5 -27373.4 -14615.5 600.521 -5353.08 -4441.34 -2284.49 -466.683 -6053.62 -2912.66 

2 6
0.728843 1.15307 1.29012 1.26942 0.809528 0.496339 0.952033 1.10646 1.12096 1.4021 
14094.3 15616.4 16830.9 2814.04 6649.52 5505.01 3294.85 1022.5 6494.9 4677.38 
-25113.3 -27373.6 -14613.7 600.497 -5352.79 -4441.05 -2284.38 -466.709 -6053.5 -2912.62 

2 7
0.728908 1.15307 1.29012 1.2694 0.809541 0.496386 0.952022 1.10643 1.12098 1.40209 
14106.1 15712.9 16848.1 2817.74 6652.65 5505.75 3296.37 1026.34 6495.93 4679.88 
-25111.4 -27373.3 -14613.7 600.458 -5352.76 -4440.97 -2284.38 -466.74 -6053.47 -2912.63 

2 8
0.728959 1.15308 1.29004 1.2694 0.809555 0.496435 0.952014 1.10641 1.12105 1.40211 
14117.5 15774.4 16865.5 2817.62 6654.03 5506.65 3298.47 1030.72 6500.44 4684.52 
-25110 -27372.9 -14614.2 600.456 -5352.79 -4440.91 -2284.39 -466.755 -6053.32 -2912.56 

2 9
0.728968 1.15311 1.29005 1.26939 0.809545 0.496475 0.951989 1.10646 1.12107 1.40213 
14181.5 15950 16899.8 2838.65 6675.94 5516.72 3301.65 1041.95 6527.23 4706.31 
-25109.7 -27372.5 -14614 600.424 -5352.78 -4440.83 -2284.42 -466.702 -6053.22 -2912.49 

2 10
0.728949 1.15314 1.29007 1.26938 0.809535 0.496496 0.951979 1.10652 1.12109 1.40218 
14199.3 16036 16917 2844.72 6675.74 5517.41 3298.96 1047.24 6527.82 4711.73 
-25110.2 -27372.2 -14613.7 600.379 -5352.8 -4440.79 -2284.43 -466.615 -6053.09 -2912.4 

3 1
0.728295 1.1528 1.28214 1.26897 0.809159 0.495354 0.951646 1.10603 1.12038 1.40143 
14232.9 16112 17003.3 2860.59 6690.2 5529.08 3307.31 1047.83 6540.11 4720.01 
-25128.5 -27380.4 -14673 600.621 -5363.64 -4449.98 -2288.49 -467.786 -6060.62 -2915.93 

3 2
0.728594 1.15298 1.28601 1.26922 0.809362 0.495816 0.951883 1.10631 1.12072 1.40184 
14245 16199 16984.6 2857.11 6684.91 5525.12 3306.81 1048.07 6541.42 4719.45 
-25120.1 -27376.2 -14643.8 600.616 -5358.2 -4445.58 -2286.36 -467.153 -6056.86 -2914.13 

3 3
0.728821 1.15311 1.289 1.26941 0.809515 0.496175 0.952061 1.10652 1.12098 1.40214 
14255.6 16263.1 16970.9 2859.32 6678.75 5522.15 3304.51 1048.62 6542.25 4719.83 
-25113.7 -27373.1 -14621.5 600.601 -5354.04 -4442.2 -2284.73 -466.685 -6054.01 -2912.76 

3 4
0.728976 1.15319 1.2911 1.26953 0.809618 0.49643 0.952181 1.10665 1.12115 1.40235 
14265.2 16333.7 16969.7 2858.4 6674.12 5520.01 3299.08 1051.34 6545.88 4720.11 
-25109.4 -27371.2 -14606 600.583 -5351.16 -4439.85 -2283.61 -466.381 -6052.07 -2911.84 

3 5
0.729058 1.15322 1.29228 1.26959 0.809672 0.49658 0.952244 1.1067 1.12123 1.40245 
14281.1 16392.8 16975.1 2853.17 6670.25 5519.76 3298 1051.49 6547.98 4723.33 
-25107.1 -27370.3 -14597.3 600.561 -5349.57 -4438.53 -2282.99 -466.242 -6051.03 -2911.35 

3 6
0.729068 1.1532 1.29255 1.26959 0.809676 0.496627 0.952247 1.10667 1.12123 1.40244 
14292.6 16437.5 16986.8 2855.63 6672.57 5520.28 3295.82 1052.32 6553.13 4726.19 
-25106.9 -27370.6 -14595.5 600.538 -5349.28 -4438.24 -2282.89 -466.268 -6050.91 -2911.3 

3 7
0.729133 1.1532 1.29254 1.26957 0.80969 0.496673 0.952237 1.10664 1.12125 1.40243 
14296 16450.9 16986 2859.82 6671.57 5520.87 3290.18 1056.47 6551.95 4726.68 
-25105.1 -27370.2 -14595.4 600.497 -5349.24 -4438.15 -2282.88 -466.299 -6050.87 -2911.31 

3 8
0.729183 1.15321 1.29246 1.26957 0.809703 0.496723 0.952228 1.10662 1.12132 1.40245 
14297.1 16465.7 16985.3 2862.51 6669.92 5521.03 3287.89 1057.29 6555.15 4730.01 
-25103.6 -27369.8 -14595.9 600.496 -5349.27 -4438.1 -2282.89 -466.314 -6050.73 -2911.25 

3 9
0.729193 1.15323 1.29248 1.26957 0.809694 0.496763 0.952204 1.10666 1.12134 1.40247 
14301.5 16496.9 16983.6 2855.45 6668.47 5521.01 3284.31 1058.77 6552.96 4731.34 
-25103.4 -27369.5 -14595.7 600.463 -5349.26 -4438.01 -2282.92 -466.26 -6050.63 -2911.18 

3 10
0.729173 1.15326 1.2925 1.26956 0.809683 0.496784 0.952194 1.10673 1.12136 1.40252 
14308.1 16513.5 16982 2854.81 6665.71 5521.04 3283.67 1062.8 6553.15 4732.59 
-25103.9 -27369.2 -14595.5 600.419 -5349.28 -4437.97 -2282.92 -466.173 -6050.49 -2911.08 

4 1
0.728447 1.15288 1.28362 1.26908 0.809258 0.495538 0.951803 1.10615 1.12056 1.40167 
14327.1 16545.6 17057 2852.72 6675.07 5532.95 3285.11 1067.47 6562.97 4741.84 
-25124.1 -27378.5 -14661.7 600.664 -5361.44 -4448.21 -2287.51 -467.511 -6058.95 -2915.06 

4 2
0.728747 1.15306 1.2875 1.26934 0.809461 0.496 0.952039 1.10644 1.12091 1.40207 
14326.1 16543.6 17022.4 2846.06 6663.28 5528.64 3280.43 1069.29 6561.74 4738.06 
-25115.7 -27374.3 -14632.6 600.655 -5356 -4443.81 -2285.38 -466.878 -6055.19 -2913.26 

4 3
0.728974 1.15319 1.2905 1.26952 0.809614 0.496359 0.952218 1.10665 1.12116 1.40238 
14333.1 16556.9 16996.1 2843.69 6658.59 5524.9 3277.78 1071.17 6558.5 4737.08 
-25109.4 -27371.2 -14610.2 600.641 -5351.83 -4440.43 -2283.75 -466.41 -6052.34 -2911.89 

4 4
0.729128 1.15327 1.2926 1.26965 0.809717 0.496613 0.952338 1.10678 1.12133 1.40258 
14343.2 16557.5 16976.8 2830.19 6652.26 5521.8 3270.06 1075.12 6558.35 4736.99 
-25105.1 -27369.2 -14594.6 600.621 -5348.95 -4438.08 -2282.62 -466.105 -6050.4 -2910.96 

4 5
0.729211 1.1533 1.29378 1.26971 0.809771 0.496764 0.9524 1.10682 1.12141 1.40268 
14355.7 16570.3 16965.1 2819.4 6649.22 5521.12 3267.73 1074.94 6557.86 4735.75 
-25102.8 -27368.4 -14585.9 600.599 -5347.35 -4436.75 -2282 -465.966 -6049.36 -2910.48 

4 6
0.729221 1.15328 1.29405 1.26971 0.809776 0.496811 0.952404 1.10679 1.12141 1.40268 
14361.7 16592.3 16961.6 2814.58 6649.27 5521.21 3264.96 1075.79 6557.88 4736.78 
-25102.5 -27368.7 -14584.1 600.575 -5347.06 -4436.47 -2281.9 -465.993 -6049.24 -2910.43 

4 7
0.729285 1.15328 1.29405 1.26969 0.809788 0.496857 0.952393 1.10677 1.12143 1.40267 
14359.1 16605.9 16959.8 2812.84 6645.67 5521.46 3264.13 1073.88 6560.76 4739.6 
-25100.7 -27368.3 -14584 600.533 -5347.02 -4436.38 -2281.9 -466.023 -6049.2 -2910.44 

4 8
0.729336 1.15329 1.29397 1.26969 0.809802 0.496907 0.952385 1.10675 1.1215 1.40269 
14368.2 16626.8 16958.4 2810.88 6642.99 5521.99 3259.32 1077.14 6558.66 4739.07 
-25099.3 -27367.9 -14584.6 600.533 -5347.04 -4436.32 -2281.9 -466.038 -6049.06 -2910.37 

4 9
0.729345 1.15331 1.29399 1.26968 0.809793 0.496947 0.95236 1.10679 1.12152 1.40271 
14380.8 16630 16956.6 2801.84 6641.15 5522.79 3253.53 1076.64 6561.37 4739.06 
-25099 -27367.6 -14584.4 600.501 -5347.04 -4436.24 -2281.93 -465.985 -6048.96 -2910.31 

4 10
0.729326 1.15334 1.29401 1.26967 0.809783 0.496968 0.95235 1.10685 1.12155 1.40275 
14382.6 16646 16954.5 2794.96 6640.85 5523.11 3246.96 1077.5 6560.45 4741.87 
-25099.5 -27367.2 -14584.1 600.456 -5347.06 -4436.19 -2281.94 -465.897 -6048.82 -2910.21 

5 1
0.728527 1.1529 1.2842 1.26914 0.809308 0.495618 0.951901 1.1062 1.12066 1.4018 
14403.3 16680.5 17036.8 2807.32 6651.95 5537.19 3253.78 1081.33 6570.06 4748.53 
-25121.8 -27377.7 -14657.3 600.701 -5360.53 -4447.49 -2287.03 -467.401 -6058.2 -2914.64 

5 2
0.728826 1.15309 1.28808 1.26939 0.80951 0.49608 0.952137 1.10649 1.121 1.40221 
14404.8 16685.2 17001.4 2806.19 6647.17 5531.7 3252.28 1082.99 6567.59 4746.57 
-25113.4 -27373.5 -14628.1 600.693 -5355.08 -4443.08 -2284.9 -466.768 -6054.44 -2912.83 

5 3
0.729054 1.15322 1.29108 1.26958 0.809663 0.496438 0.952316 1.10669 1.12126 1.40252 
14403.1 16692.2 16974.1 2802.83 6638.44 5528.52 3249.63 1085.05 6566.62 4745.68 
-25107.1 -27370.4 -14605.7 600.678 -5350.91 -4439.7 -2283.27 -466.299 -6051.59 -2911.46 

5 4
0.729208 1.1533 1.29318 1.2697 0.809766 0.496693 0.952436 1.10682 1.12143 1.40272 
14397.4 16696.9 16954.8 2799.27 6637.57 5525.49 3248.47 1082.26 6567.11 4748.97 
-25102.8 -27368.4 -14590.2 600.658 -5348.03 -4437.34 -2282.14 -465.995 -6049.64 -2910.53 

5 5
0.729291 1.15332 1.29437 1.26976 0.80982 0.496844 0.952498 1.10687 1.12151 1.40282 
14398.9 16717.7 16942.8 2790.31 6634.34 5524.34 3240.6 1081.06 6568.09 4753.46 
-25100.5 -27367.6 -14581.5 600.635 -5346.44 -4436.02 -2281.53 -465.856 -6048.6 -2910.05 

5 6
0.729301 1.1533 1.29464 1.26976 0.809825 0.49689 0.952502 1.10684 1.12151 1.40282 
14400.5 16742.1 16939.2 2790.65 6634.81 5524.2 3236.58 1082.71 6569.8 4755.95 
-25100.3 -27367.9 -14579.7 600.611 -5346.14 -4435.74 -2281.42 -465.882 -6048.48 -2910.01 

5 7
0.729365 1.15331 1.29464 1.26974 0.809838 0.496937 0.952491 1.10681 1.12153 1.4028 
14403.3 16753.9 16937.3 2781.39 6633.85 5524.87 3230.08 1084.07 6568.49 4756.6 
-25098.5 -27367.5 -14579.6 600.57 -5346.1 -4435.65 -2281.42 -465.912 -6048.44 -2910.01 

5 8
0.729416 1.15332 1.29456 1.26974 0.809851 0.496987 0.952483 1.10679 1.1216 1.40282 
14399.6 16778.3 16935.6 2785.62 6633.61 5524.95 3229.53 1084.99 6569.77 4758.95 
-25097 -27367.1 -14580.1 600.57 -5346.13 -4435.59 -2281.43 -465.927 -6048.29 -2909.94 

5 9
0.729425 1.15334 1.29458 1.26974 0.809842 0.497027 0.952458 1.10683 1.12162 1.40285 
14436.2 16865.5 16973.3 2794.25 6647.98 5532.1 3242.68 1095.23 6578.31 4778.38 
-25096.7 -27366.8 -14579.9 600.537 -5346.12 -4435.5 -2281.45 -465.874 -6048.2 -2909.88 

5 10
0.729406 1.15337 1.2946 1.26973 0.809832 0.497047 0.952448 1.1069 1.12164 1.40289 
14441.1 16884.9 16970.3 2791.85 6645.12 5531.72 3240.34 1098.12 6581.08 4781.91 
-25097.2 -27366.4 -14579.6 600.492 -5346.14 -4435.46 -2281.46 -465.787 -6048.06 -2909.78 

6 1
0.728535 1.15288 1.28387 1.26913 0.809308 0.495594 0.951941 1.10617 1.12067 1.40183 
14466.1 16901.2 17059.8 2802.01 6660.95 5546.6 3242.09 1098.41 6591.96 4790.01 
-25121.6 -27378 -14659.7 600.735 -5360.91 -4447.79 -2287.07 -467.455 -6058.35 -2914.65 

6 2
0.728834 1.15306 1.28775 1.26938 0.80951 0.496056 0.952177 1.10646 1.12101 1.40224 
14461.7 16902.7 17024.7 2795.57 6656.38 5541.84 3239.45 1100.9 6590.95 4789.91 
-25113.2 -27373.8 -14630.6 600.727 -5355.47 -4443.38 -2284.93 -466.822 -6054.59 -2912.84 

6 3
0.729061 1.15319 1.29075 1.26957 0.809663 0.496414 0.952356 1.10666 1.12127 1.40255 
14458.6 16919.2 16995.4 2781.41 6653.99 5537.7 3229.88 1104.26 6587.64 4787.93 
-25106.8 -27370.7 -14608.2 600.712 -5351.3 -4440 -2283.3 -466.354 -6051.74 -2911.48 

6 4
0.729216 1.15327 1.29285 1.26969 0.809766 0.496669 0.952476 1.10679 1.12144 1.40275 
14449.7 16940 16974.9 2780.91 6646.97 5535.8 3223.59 1107.75 6586.27 4786.86 
-25102.5 -27368.7 -14592.6 600.692 -5348.42 -4437.65 -2282.18 -466.05 -6049.8 -2910.55 

6 5
0.729298 1.1533 1.29404 1.26975 0.80982 0.496819 0.952538 1.10684 1.12152 1.40285 
14442.8 16960.2 16961.6 2771.16 6643.27 5534.73 3217.67 1108.79 6585.91 4789.13 
-25100.2 -27367.9 -14583.9 600.67 -5346.82 -4436.33 -2281.56 -465.911 -6048.76 -2910.06 

6 6
0.729308 1.15328 1.29431 1.26975 0.809825 0.496866 0.952542 1.10681 1.12152 1.40285 
14434.3 16982.4 16952.5 2773.38 6639.55 5535.21 3214.34 1109.51 6585 4789.95 
-25100 -27368.2 -14582.1 600.645 -5346.53 -4436.04 -2281.45 -465.936 -6048.64 -2910.02 

6 7
0.729373 1.15328 1.29431 1.26973 0.809838 0.496912 0.952531 1.10678 1.12153 1.40283 
14697.8 18234.5 17888.9 3262.28 6843.52 5678.03 3388.04 1154.12 6850.17 4956.12 
-25098.2 -27367.8 -14582 600.605 -5346.49 -4435.95 -2281.45 -465.967 -6048.6 -2910.03 

6 8
0.729423 1.15329 1.29423 1.26973 0.809852 0.496962 0.952523 1.10676 1.12161 1.40286 
14717 18277.3 17910.2 3273.17 6852.37 5683.49 3395.96 1166.03 6864.38 4967.93 
-25096.8 -27367.4 -14582.6 600.605 -5346.51 -4435.9 -2281.46 -465.982 -6048.45 -2909.96 

6 9
0.729433 1.15331 1.29424 1.26973 0.809842 0.497002 0.952498 1.1068 1.12163 1.40288 
14707.7 18270.9 17906.7 3276.27 6853.88 5684.36 3395.56 1167.64 6866.1 4966.99 
-25096.5 -27367.1 -14582.4 600.572 -5346.51 -4435.81 -2281.49 -465.929 -6048.36 -2909.89 

6 10
0.729414 1.15334 1.29426 1.26972 0.809832 0.497023 0.952488 1.10687 1.12165 1.40292 
14697.4 18267.6 17903.3 3270.42 6855.26 5684.36 3394.17 1167.95 6863.9 4968.16 
-25097 -27366.7 -14582.1 600.527 -5346.53 -4435.77 -2281.49 -465.842 -6048.22 -2909.8 

7 1
0.728522 1.15288 1.28381 1.2691 0.809287 0.495612 0.95194 1.10613 1.12069 1.4019 
14780.5 18280.3 18016 3283.09 6872.54 5703.3 3410.24 1191.15 6891.15 4983.17 
-25121.9 -27378 -14660.2 600.694 -5361.09 -4447.83 -2287.1 -467.514 -6058.42 -2914.59 

7 2
0.728821 1.15306 1.28769 1.26935 0.80949 0.496074 0.952176 1.10641 1.12103 1.40231 
14763.5 18268.8 17977.2 3282.55 6866.83 5697.78 3406.68 1189.45 6886.93 4982.12 
-25113.5 -27373.8 -14631 600.687 -5355.65 -4443.43 -2284.96 -466.881 -6054.66 -2912.79 

7 3
0.729048 1.15319 1.29069 1.26954 0.809643 0.496432 0.952355 1.10662 1.12129 1.40261 
14752.6 18260.4 17948.8 3273.59 6858.9 5694.6 3400.13 1190.62 6884.12 4982.26 
-25107.2 -27370.7 -14608.7 600.671 -5351.48 -4440.05 -2283.33 -466.413 -6051.81 -2911.42 

7 4
0.729203 1.15327 1.29278 1.26966 0.809746 0.496687 0.952475 1.10675 1.12146 1.40281 
14740.4 18264.7 17928.2 3265.12 6850.75 5692.62 3397.3 1194.27 6883.26 4980.45 
-25102.9 -27368.8 -14593.1 600.653 -5348.6 -4437.7 -2282.21 -466.109 -6049.86 -2910.5 

7 5
0.729285 1.1533 1.29397 1.26973 0.8098 0.496837 0.952537 1.1068 1.12154 1.40292 
14736.2 18262.1 17915.3 3262.62 6848.69 5690.8 3389.75 1191.74 6881.79 4984.18 
-25100.6 -27368 -14584.5 600.63 -5347.01 -4436.38 -2281.6 -465.97 -6048.83 -2910.01 

7 6
0.729295 1.15328 1.29424 1.26973 0.809804 0.496884 0.95254 1.10677 1.12154 1.40291 
14733.6 18279.6 17910.3 3261.27 6845.91 5690.04 3389.83 1189.14 6884.8 4983.01 
-25100.3 -27368.2 -14582.6 600.606 -5346.71 -4436.1 -2281.49 -465.996 -6048.71 -2909.96 

7 7
0.72936 1.15328 1.29424 1.26971 0.809818 0.49693 0.95253 1.10674 1.12156 1.4029 
14711.3 18307.4 17905.4 3261.76 6843.93 5690.25 3387.28 1191.06 6886.17 4984.65 
-25098.5 -27367.9 -14582.6 600.566 -5346.68 -4436 -2281.49 -466.026 -6048.67 -2909.97 

7 8
0.72941 1.15329 1.29416 1.26971 0.809831 0.49698 0.952521 1.10672 1.12163 1.40292 
14708.6 18306 17902.6 3249.15 6842.04 5690.84 3382.42 1191.61 6887.93 4984.96 
-25097.1 -27367.5 -14583.1 600.566 -5346.7 -4435.95 -2281.49 -466.041 -6048.53 -2909.91 

7 9
0.72942 1.15331 1.29417 1.2697 0.809822 0.49702 0.952497 1.10676 1.12165 1.40294 
14708.1 18302 17900 3237.52 6843.23 5690.99 3375.41 1190.62 6890.24 4985.92 
-25096.8 -27367.1 -14582.9 600.532 -5346.7 -4435.86 -2281.52 -465.988 -6048.43 -2909.84 

7 10
0.729401 1.15334 1.2942 1.26969 0.809812 0.497041 0.952487 1.10682 1.12167 1.40299 
14704.2 18299.3 17897.7 3227.75 6842.23 5691.4 3371.94 1190.86 6888.75 4986.13 
-25097.3 -27366.8 -14582.6 600.487 -5346.71 -4435.82 -2281.53 -465.901 -6048.3 -2909.74 

8 1
0.72851 1.15288 1.28421 1.26908 0.809275 0.495638 0.95193 1.10613 1.12071 1.40192 
14722.2 18299.2 17983.8 3232.55 6856.78 5705.46 3373.04 1195.17 6897.55 4995.86 
-25122.3 -27378 -14657.3 600.59 -5360.73 -4447.53 -2287 -467.484 -6058.21 -2914.49 

8 2
0.728809 1.15306 1.28809 1.26933 0.809477 0.4961 0.952167 1.10642 1.12105 1.40233 
14718.1 18304.8 17945.5 3220.4 6847.92 5699.89 3366.87 1195.62 6892.33 4993.56 
-25113.9 -27373.8 -14628.2 600.581 -5355.3 -4443.14 -2284.87 -466.852 -6054.46 -2912.69 

8 3
0.729037 1.15319 1.29108 1.26952 0.80963 0.496458 0.952345 1.10663 1.12131 1.40263 
-159.952 -178.094 -57.2279 -58.7982 -12.6143 -14.2756 -26.2003 -17.8276 -34.2313 -50.9196 
-25107.5 -27370.8 -14605.9 600.569 -5351.14 -4439.76 -2283.24 -466.383 -6051.6 -2911.32 

8 4
0.729191 1.15327 1.29317 1.26964 0.809734 0.496713 0.952465 1.10676 1.12148 1.40284 
-159.393 -168.308 -60.0988 -57.8398 -18.4109 -13.5893 -27.2392 -18.4454 -34.0039 -50.7263 
-25103.2 -27368.8 -14590.4 600.551 -5348.26 -4437.41 -2282.11 -466.08 -6049.66 -2910.4 

8 5
0.729274 1.1533 1.29435 1.26971 0.809787 0.496863 0.952527 1.1068 1.12156 1.40294 
-170.045 -157.473 -62.7914 -69.449 -23.5386 -13.2273 -33.0985 -17.7548 -31.0529 -49.5345 
-25100.9 -27368 -14581.8 600.53 -5346.67 -4436.09 -2281.5 -465.941 -6048.63 -2909.91 

8 6
0.729284 1.15328 1.29462 1.26971 0.809792 0.49691 0.952531 1.10677 1.12155 1.40293 
-176.194 -168.891 -65.9789 -71.3141 -21.6217 -13.0102 -33.3903 -20.3454 -32.3175 -48.8401 
-25100.7 -27368.2 -14580 600.505 -5346.39 -4435.82 -2281.4 -465.967 -6048.51 -2909.87 

8 7
0.729348 1.15328 1.29461 1.26969 0.809805 0.496956 0.952521 1.10674 1.12157 1.40292 
-178.353 -156.666 -68.3274 -73.3926 -25.7317 -12.3777 -36.6136 -17.6904 -34.7659 -49.74 
-25098.9 -27367.9 -14579.9 600.465 -5346.35 -4435.73 -2281.4 -465.998 -6048.48 -2909.88 

8 8
0.729399 1.15329 1.29453 1.26969 0.809818 0.497006 0.952512 1.10673 1.12165 1.40294 
-183.121 -150.799 -71.8322 -85.5282 -26.2703 -11.8029 -40.7699 -18.5923 -32.5353 -49.8031 
-25097.4 -27367.5 -14580.5 600.465 -5346.38 -4435.67 -2281.4 -466.013 -6048.33 -2909.81 

8 9
0.729408 1.15332 1.29455 1.26968 0.809809 0.497046 0.952487 1.10677 1.12167 1.40297 
-189.44 -145.736 -71.6453 -85.2145 -26.2964 -11.4644 -42.6674 -20.9107 -31.1849 -47.8616 
-25097.1 -27367.1 -14580.3 600.433 -5346.38 -4435.59 -2281.43 -465.96 -6048.24 -2909.74 

8 10
0.729389 1.15335 1.29457 1.26967 0.809799 0.497067 0.952477 1.10683 1.12169 1.40301 
-192.597 -134.38 -71.4814 -84.4959 -27.7736 -11.8093 -39.648 -19.1919 -29.6907 -47.7009 
-25097.6 -27366.8 -14580 600.387 -5346.39 -4435.54 -2281.44 -465.873 -6048.1 -2909.65 

9 1
0.728526 1.15288 1.28462 1.26909 0.809264 0.495633 0.951909 1.10612 1.12072 1.40191 
-111.757 -85.4928 -44.1721 -58.0669 -3.10738 -5.33125 -18.4776 -6.75404 -20.7485 -22.2396 
-25121.9 -27378 -14654.4 600.526 -5360.32 -4447.25 -2286.92 -467.477 -6058.05 -2914.45 

9 2
0.728826 1.15306 1.28849 1.26934 0.809467 0.496096 0.952146 1.10641 1.12106 1.40232 
-90.8683 -68.2181 -23.2064 -48.9629 5.57151 -4.59388 -16.81 -0.36855 -12.9846 -19.2969 
-25113.5 -27373.8 -14625.3 600.519 -5354.89 -4442.86 -2284.79 -466.843 -6054.29 -2912.64 

9 3
0.729053 1.15319 1.29148 1.26952 0.80962 0.496454 0.952325 1.10662 1.12131 1.40262 
-91.3063 -63.9371 -22.5652 -49.0009 2.00808 -4.67341 -14.5207 0.762724 -11.3655 -21.5109 
-25107.1 -27370.7 -14603 600.506 -5350.73 -4439.49 -2283.16 -466.376 -6051.45 -2911.28 

9 4
0.729207 1.15327 1.29356 1.26965 0.809723 0.496709 0.952445 1.10674 1.12148 1.40283 
-95.315 -74.2713 -22.253 -51.0386 3.46468 -5.1061 -14.8386 1.48913 -13.9379 -18.6401 
-25102.8 -27368.8 -14587.6 600.488 -5347.86 -4437.14 -2282.04 -466.072 -6049.5 -2910.35 

9 5
0.72929 1.1533 1.29474 1.26971 0.809777 0.496859 0.952507 1.10679 1.12157 1.40293 
-85.7829 -74.0276 -21.8875 -45.1373 4.28443 -4.94192 -16.6079 2.58011 -13.6937 -19.6967 
-25100.5 -27367.9 -14579 600.467 -5346.28 -4435.83 -2281.43 -465.934 -6048.48 -2909.87 

9 6
0.7293 1.15328 1.295 1.26971 0.809781 0.496906 0.952511 1.10676 1.12156 1.40292 
-85.6658 -72.0248 -21.2527 -51.1261 0.776405 -5.48577 -18.3574 4.80949 -12.8118 -17.3174 
-25100.3 -27368.2 -14577.2 600.445 -5345.99 -4435.55 -2281.33 -465.96 -6048.36 -2909.83 

9 7
0.729364 1.15328 1.295 1.26969 0.809794 0.496952 0.9525 1.10673 1.12158 1.40291 
-85.3404 -74.2008 -20.8156 -51.5921 -1.54967 -5.42998 -21.2369 6.35496 -10.1512 -14.4262 
-25098.5 -27367.8 -14577.2 600.405 -5345.97 -4435.47 -2281.33 -465.991 -6048.32 -2909.83 

9 8
0.729415 1.15329 1.29491 1.26969 0.809808 0.497002 0.952492 1.10671 1.12165 1.40293 
-87.5453 -59.9984 -20.6265 -49.0437 -2.17357 -5.44296 -17.4535 7.73249 -11.144 -16.4016 
-25097 -27367.5 -14577.7 600.406 -5345.99 -4435.41 -2281.33 -466.006 -6048.18 -2909.77 

9 9
0.729424 1.15331 1.29493 1.26969 0.809799 0.497042 0.952467 1.10676 1.12167 1.40295 
-94.4288 -48.7347 -20.7142 -56.5208 -0.647682 -5.53696 -20.9038 6.30841 -12.7738 -14.3312 
-25096.7 -27367.1 -14577.5 600.372 -5345.99 -4435.33 -2281.36 -465.953 -6048.09 -2909.7 

9 10
0.729405 1.15334 1.29495 1.26967 0.809788 0.497063 0.952457 1.10682 1.1217 1.403 
-91.4348 -50.0463 -21.1075 -63.0932 -0.400915 -4.97744 -18.8865 6.22488 -9.83046 -13.2654 
-25097.2 -27366.8 -14577.3 600.328 -5346 -4435.28 -2281.37 -465.865 -6047.95 -2909.6 

10 1
0.728552 1.1529 1.28471 1.26909 0.809265 0.49564 0.951887 1.10613 1.12071 1.40187 
-35.3995 -14.6218 0.743542 -41.9596 -0.874683 0.247341 -9.83505 14.856 -7.71902 -2.94287 
-25121.2 -27377.5 -14653.6 600.502 -5360.2 -4447.17 -2286.93 -467.475 -6058.01 -2914.48 

10 2
0.728851 1.15308 1.28857 1.26934 0.809467 0.496102 0.952123 1.10641 1.12106 1.40228 
-30.9611 -2.52606 1.50121 -33.475 2.92078 0.132035 -8.11899 13.0958 -7.07061 -0.867099 
-25112.8 -27373.3 -14624.6 600.498 -5354.78 -4442.78 -2284.8 -466.843 -6054.25 -2912.68 

10 3
0.729078 1.15321 1.29155 1.26953 0.80962 0.496461 0.952302 1.10662 1.12131 1.40259 
-27.5704 9.41269 1.55816 -27.3459 5.07441 0.418902 -8.07374 13.3476 -8.86347 -3.07186 
-25106.4 -27370.3 -14602.4 600.486 -5350.63 -4439.42 -2283.18 -466.375 -6051.41 -2911.31 

10 4
0.729233 1.15329 1.29363 1.26965 0.809723 0.496716 0.952422 1.10675 1.12148 1.40279 
-18.8856 4.47076 1.56934 -20.9674 2.9933 -0.219303 -6.18428 10.2866 -5.87175 -1.65333 
-25102.1 -27368.3 -14587 600.469 -5347.77 -4437.08 -2282.06 -466.072 -6049.47 -2910.39 

10 5
0.729315 1.15332 1.29481 1.26971 0.809777 0.496866 0.952484 1.1068 1.12156 1.40289 
-20.869 6.33497 1.08109 -22.3841 2.52374 -0.397505 -2.12246 7.97298 -3.49568 -3.94168 
-25099.9 -27367.5 -14578.4 600.449 -5346.19 -4435.77 -2281.44 -465.934 -6048.44 -2909.91 

10 6
0.729326 1.1533 1.29506 1.26971 0.809782 0.496913 0.952488 1.10677 1.12156 1.40289 
-23.2667 4.01253 0.902895 -12.9582 2.40127 0.175286 -5.03828 5.98164 -4.3964 -3.8969 
-25099.6 -27367.7 -14576.6 600.428 -5345.91 -4435.49 -2281.34 -465.96 -6048.33 -2909.86 

10 7
0.72939 1.1533 1.29505 1.26969 0.809795 0.496959 0.952477 1.10674 1.12158 1.40287 
-13.6801 13.8615 0.852965 -8.39129 1.94635 0.475388 -1.27081 5.26735 -2.32626 -4.51157 
-25097.8 -27367.4 -14576.6 600.388 -5345.89 -4435.41 -2281.34 -465.992 -6048.3 -2909.87 

10 8
0.729441 1.15331 1.29497 1.26969 0.809808 0.497009 0.952469 1.10672 1.12165 1.4029 
-7.8604 16.5713 0.794578 -9.07643 -0.840747 0.736582 0.663583 3.1166 -3.71509 -5.56089 
-25096.4 -27367 -14577.2 600.388 -5345.92 -4435.36 -2281.35 -466.007 -6048.16 -2909.81 

10 9
0.72945 1.15334 1.29498 1.26969 0.809799 0.497049 0.952444 1.10676 1.12167 1.40292 
-12.855 12.898 0.428939 -1.79329 -1.83955 0.690053 0.516086 4.24359 -4.03634 -2.57287 
-25096.1 -27366.6 -14577 600.357 -5345.92 -4435.27 -2281.38 -465.954 -6048.06 -2909.74 

10 10
0.729431 1.15336 1.295 1.26968 0.809789 0.49707 0.952434 1.10683 1.12169 1.40296 
-4.65782 5.54867 0.293228 -4.48616 0.580838 0.420181 1.26574 2.20278 -1.6337 0.213177 
-25096.6 -27366.3 -14576.7 600.311 -5345.93 -4435.23 -2281.39 -465.866 -6047.92 -2909.65 

