1 1
6 75 10 56 98 57 9 59 34 45 
15 38 30 6 17 36 40 24 40 16 
24 44 47 46 22 3 16 8 1 14 

1 2
19 57 91 29 13 41 86 75 52 21 
22 17 11 4 26 30 42 18 4 32 
34 28 27 33 25 1 37 41 9 38 

1 3
7 78 45 50 7 11 92 46 38 44 
19 10 14 30 15 40 11 9 10 15 
42 44 46 21 28 21 22 17 14 33 

1 4
5 24 11 2 74 70 13 18 16 51 
13 35 14 29 18 31 21 31 40 31 
48 34 27 44 5 5 17 29 24 32 

1 5
12 29 56 75 32 82 98 97 1 66 
49 16 4 15 45 22 46 18 3 36 
49 3 21 26 48 28 34 15 10 10 

1 6
49 24 90 57 0 74 40 98 71 41 
14 22 7 20 37 4 42 33 22 47 
22 23 1 43 1 1 23 37 16 33 

1 7
98 16 58 88 73 10 14 65 60 37 
6 26 10 15 47 49 21 41 33 43 
39 7 18 42 0 20 43 25 7 11 

1 8
9 57 77 19 97 3 81 11 20 41 
49 27 19 11 44 16 10 16 10 45 
11 49 2 30 43 4 2 36 30 11 

1 9
97 91 69 27 10 66 82 43 30 2 
36 31 31 5 42 26 24 2 44 34 
48 5 35 2 35 28 7 37 14 37 

1 10
49 63 30 70 42 40 88 24 35 18 
29 21 49 10 26 41 38 2 46 32 
36 46 38 21 48 25 1 7 15 17 

2 1
46 66 81 76 36 23 68 24 0 3 
43 29 24 44 39 3 36 28 5 34 
12 42 30 0 15 30 26 17 38 41 

2 2
84 34 7 17 11 95 93 79 19 93 
35 14 22 9 9 13 12 47 43 18 
31 6 12 13 6 29 45 34 48 35 

2 3
27 35 70 86 52 33 81 45 64 53 
40 49 17 12 11 28 26 23 27 19 
43 10 25 7 23 34 39 21 20 37 

2 4
56 48 72 26 86 77 11 68 74 28 
23 15 27 42 27 38 21 5 14 48 
27 9 9 4 17 34 38 6 5 11 

2 5
45 62 61 70 40 47 47 4 67 73 
32 40 38 9 33 18 0 6 25 14 
4 2 25 15 7 42 2 47 0 7 

2 6
10 98 71 71 68 64 19 67 68 86 
42 0 29 33 11 14 1 13 20 28 
29 26 31 5 42 40 47 44 39 0 

2 7
53 0 0 77 71 68 41 42 87 9 
29 29 11 10 12 24 24 15 38 44 
44 17 20 27 22 14 19 22 10 8 

2 8
74 66 60 74 43 32 94 84 74 33 
45 5 14 6 15 29 32 39 44 20 
35 40 40 8 19 14 22 38 38 35 

2 9
49 12 51 9 38 94 41 32 30 68 
17 25 25 32 33 41 11 17 32 7 
40 20 48 30 28 19 44 2 8 33 

2 10
87 57 47 90 18 86 36 60 70 66 
30 40 43 5 22 28 48 35 46 33 
42 36 3 42 18 31 12 14 33 22 

3 1
49 23 81 97 13 99 35 2 11 57 
18 41 47 14 49 19 42 47 4 40 
30 49 26 35 41 46 16 5 11 2 

3 2
77 60 77 58 9 42 58 44 44 21 
2 15 13 49 29 12 21 23 11 27 
14 44 28 42 29 20 39 48 27 0 

3 3
2 55 12 79 65 22 21 75 66 18 
47 20 33 12 22 12 24 45 37 37 
24 3 31 3 46 11 25 37 9 2 

3 4
37 11 59 1 42 25 23 15 52 42 
33 49 12 16 13 36 30 37 31 18 
27 6 21 8 9 19 19 36 6 30 

3 5
88 45 93 0 47 35 77 22 3 29 
14 36 31 27 3 44 13 33 34 47 
3 11 3 27 21 14 48 43 2 7 

3 6
25 42 52 19 42 51 6 19 74 9 
1 40 46 34 19 1 30 35 36 16 
32 42 29 37 21 1 1 19 46 5 

3 7
26 21 97 31 92 40 34 99 11 8 
10 14 49 8 48 18 11 31 3 48 
47 37 42 27 24 13 30 27 32 26 

3 8
32 61 47 30 92 92 70 78 43 33 
37 3 48 38 14 48 8 25 29 14 
25 27 3 17 6 28 30 38 5 15 

3 9
16 90 28 15 20 20 7 42 50 50 
25 37 4 25 27 20 24 38 45 3 
4 23 32 7 40 40 35 23 28 43 

3 10
88 94 83 16 62 55 88 69 49 38 
20 26 28 26 2 7 46 28 45 43 
31 49 16 16 7 9 6 44 34 37 

4 1
89 22 33 72 90 95 79 30 65 28 
20 37 7 0 13 9 8 9 37 5 
4 20 7 23 38 16 34 45 10 18 

4 2
84 50 92 69 74 82 65 6 64 82 
36 34 19 43 37 32 2 45 43 41 
2 49 14 9 22 2 25 6 49 38 

4 3
26 33 40 18 3 66 0 20 72 16 
2 9 3 23 2 40 7 7 37 0 
0 39 1 14 49 26 17 26 32 16 

4 4
14 11 52 54 29 7 21 82 27 45 
48 31 4 1 4 9 43 11 18 32 
13 18 22 16 35 23 42 4 49 27 

4 5
20 16 38 24 22 67 31 95 49 58 
41 0 39 47 1 45 8 47 8 26 
29 23 47 3 40 34 26 32 38 28 

4 6
9 8 46 47 85 68 67 16 16 16 
25 7 16 16 6 20 12 15 19 20 
43 0 46 42 4 36 26 32 18 16 

4 7
60 80 27 58 79 12 27 46 28 95 
15 3 2 33 22 10 5 34 27 26 
6 21 27 2 15 31 40 44 13 11 

4 8
10 76 91 89 34 22 1 13 21 30 
8 38 35 12 21 7 23 29 43 0 
5 2 23 34 6 41 15 47 35 31 

4 9
58 97 7 1 87 93 23 40 7 44 
20 15 32 6 28 6 15 1 37 9 
3 44 13 27 29 19 20 46 18 7 

4 10
27 78 4 86 79 43 80 55 84 87 
1 6 4 36 14 32 44 30 35 31 
41 41 25 4 20 4 25 40 1 44 

5 1
97 30 22 53 17 54 97 97 9 33 
36 10 39 40 48 4 25 42 36 12 
23 29 3 49 35 23 5 10 13 8 

5 2
56 12 41 31 66 58 85 15 7 46 
48 45 6 39 35 5 45 12 49 31 
25 23 10 28 24 45 4 31 8 19 

5 3
90 14 82 31 45 0 41 82 15 0 
28 15 45 37 6 32 44 2 45 43 
35 20 16 46 0 42 43 4 24 1 

5 4
76 66 68 58 49 65 10 42 48 77 
42 28 42 37 15 0 19 9 2 16 
5 38 38 23 36 39 16 31 45 42 

5 5
35 71 58 3 81 59 20 91 1 20 
18 43 49 12 32 14 13 3 26 15 
20 31 5 8 4 41 49 22 23 45 

5 6
64 8 18 22 63 0 81 83 91 34 
4 10 27 5 22 9 21 37 15 47 
3 35 30 8 45 37 2 47 9 27 

5 7
42 74 35 12 48 50 12 82 33 56 
16 39 18 46 46 42 7 18 30 22 
17 33 9 48 43 5 37 47 2 46 

5 8
24 96 72 59 60 73 9 73 55 95 
31 23 36 49 19 35 41 27 3 21 
1 20 6 11 20 2 18 7 49 20 

5 9
6 24 68 30 35 28 3 97 53 10 
44 34 34 32 35 5 17 27 34 22 
0 36 43 9 47 15 11 15 25 12 

5 10
37 81 86 57 11 74 37 67 71 91 
27 17 27 11 49 13 19 17 42 3 
39 42 39 34 1 38 2 14 3 27 

6 1
27 92 10 65 49 21 91 87 88 62 
30 18 29 7 31 31 22 0 0 14 
6 41 9 45 26 10 36 28 27 41 

6 2
7 56 34 17 73 83 90 65 22 31 
29 2 49 11 12 30 42 34 33 42 
1 39 33 10 36 11 22 22 41 49 

6 3
14 48 55 48 65 29 83 56 46 6 
37 25 10 38 36 24 18 28 9 1 
22 12 40 6 22 27 19 44 1 11 

6 4
94 65 59 1 13 77 82 49 33 28 
7 22 4 17 10 42 44 28 21 5 
32 45 17 24 1 39 3 21 33 5 

6 5
34 29 72 93 83 38 70 65 87 55 
46 44 27 0 13 39 44 7 20 15 
12 2 11 31 28 14 20 34 37 6 

6 6
41 71 85 13 17 68 51 39 86 38 
47 32 34 24 34 0 16 28 9 36 
46 24 40 7 5 18 23 26 4 13 

6 7
34 95 86 19 9 3 40 60 95 26 
1 42 10 37 18 44 37 34 22 47 
20 18 21 10 27 28 31 3 6 35 

6 8
16 90 31 2 62 92 58 2 4 53 
30 5 47 40 43 15 36 32 0 8 
31 22 29 4 35 8 33 18 11 39 

6 9
53 79 32 36 34 94 28 44 48 33 
47 28 40 46 20 35 11 6 18 13 
16 49 36 47 4 23 8 37 41 21 

6 10
28 94 1 60 83 87 54 63 31 54 
48 30 32 41 26 4 26 37 12 44 
1 31 46 39 28 0 12 36 39 5 

7 1
58 19 1 11 80 84 98 86 0 29 
41 48 11 25 39 37 32 16 24 44 
12 27 27 10 18 8 10 32 44 1 

7 2
37 54 21 39 17 53 23 15 91 23 
46 34 24 7 10 15 46 44 33 21 
38 48 0 18 8 19 26 21 1 20 

7 3
22 89 27 95 28 44 0 3 12 92 
29 10 26 5 20 38 20 16 32 4 
39 23 2 40 41 12 11 17 33 12 

7 4
39 6 53 66 53 33 63 54 89 27 
46 18 39 24 23 9 13 45 28 45 
1 17 18 5 9 9 18 20 26 1 

7 5
35 16 59 40 34 13 74 49 19 63 
26 15 33 18 41 8 27 4 3 7 
2 5 25 20 12 36 32 30 7 10 

7 6
32 44 78 91 84 65 56 10 14 75 
25 43 42 8 11 34 16 40 40 22 
48 42 29 23 15 41 11 49 22 20 

7 7
9 56 64 88 99 1 5 56 11 19 
31 37 12 26 47 25 10 16 16 2 
38 14 45 17 39 12 10 0 11 32 

7 8
71 72 38 87 60 38 88 17 46 0 
37 29 39 1 5 36 27 17 2 45 
22 42 9 17 11 0 31 22 0 42 

7 9
4 73 14 95 61 27 85 1 44 83 
3 33 12 42 35 20 31 14 39 35 
9 11 30 20 30 41 20 11 13 22 

7 10
55 20 98 22 67 11 1 52 12 97 
35 16 31 49 10 18 19 43 34 9 
31 45 20 11 15 3 2 37 14 16 

8 1
59 20 88 9 94 55 20 95 7 85 
42 44 3 23 45 13 43 15 9 27 
26 40 22 48 1 39 1 3 26 18 

8 2
21 88 40 9 97 34 16 70 29 75 
5 21 19 10 47 15 23 40 32 34 
20 10 24 44 8 25 34 12 31 12 

8 3
30 4 0 70 66 50 4 82 72 85 
8 29 8 29 39 5 46 14 48 28 
49 20 38 23 14 49 1 48 11 34 

8 4
61 93 38 13 63 56 63 19 39 35 
4 49 16 12 30 5 20 27 20 20 
5 19 40 46 44 4 45 45 5 8 

8 5
29 18 51 20 31 66 76 47 37 67 
34 41 18 1 5 49 6 27 26 26 
47 33 47 37 31 42 44 28 39 49 

8 6
86 71 67 89 91 50 55 19 97 92 
39 32 35 7 33 43 6 41 22 32 
20 20 18 17 9 49 11 5 28 1 

8 7
6 64 72 25 6 15 76 13 86 73 
8 25 5 45 33 40 38 39 32 13 
24 2 35 42 21 46 41 33 2 21 

8 8
86 58 38 58 84 44 25 60 57 11 
35 15 37 43 11 22 33 1 11 17 
16 37 21 1 31 43 48 23 28 0 

8 9
96 14 60 34 24 96 78 1 8 88 
12 44 5 1 39 18 25 24 22 39 
42 38 26 15 40 8 8 38 33 38 

8 10
40 79 2 0 14 26 49 44 27 57 
32 42 3 40 45 42 8 21 17 30 
10 9 19 38 26 9 46 35 49 31 

9 1
25 39 63 28 91 29 6 40 73 86 
0 8 30 3 0 25 46 8 48 13 
39 10 24 10 49 0 21 47 37 20 

9 2
29 63 9 44 43 52 73 49 93 98 
37 45 8 17 48 8 45 44 19 43 
9 8 4 35 20 3 38 41 2 27 

9 3
11 81 40 72 77 35 24 50 37 69 
49 24 14 9 44 15 18 39 9 37 
32 21 47 38 8 17 43 46 10 46 

9 4
24 21 79 16 45 57 52 69 7 89 
41 8 15 7 18 9 22 38 48 34 
25 33 5 24 21 13 43 15 12 3 

9 5
61 36 76 40 4 21 49 56 90 57 
47 33 17 15 41 35 24 15 23 25 
49 0 8 6 26 31 20 19 48 32 

9 6
74 61 70 50 54 74 71 3 83 14 
10 32 49 28 47 42 15 24 8 41 
49 7 43 9 14 20 42 36 41 41 

9 7
20 18 2 42 68 56 16 92 60 51 
8 22 34 7 2 33 0 18 7 10 
11 8 17 4 19 33 26 12 21 20 

9 8
53 93 38 7 35 58 64 52 2 76 
5 12 48 39 20 1 23 22 21 32 
32 32 43 1 38 12 37 17 26 10 

9 9
87 81 54 77 89 89 87 5 93 42 
31 49 4 29 40 24 32 13 48 5 
48 32 37 41 34 28 5 23 45 32 

9 10
83 82 63 37 11 4 27 98 9 72 
40 40 21 45 22 12 21 6 27 22 
12 25 4 1 18 40 29 26 13 24 

10 1
58 99 58 73 36 21 78 15 20 39 
40 12 30 11 9 4 23 33 10 3 
5 22 30 9 24 1 0 5 27 15 

10 2
30 87 14 40 60 3 62 90 70 34 
30 10 46 12 24 8 16 49 41 26 
2 46 1 33 7 27 36 9 32 13 

10 3
75 14 0 41 55 12 96 69 55 67 
3 35 29 1 49 3 9 17 3 2 
43 7 0 46 40 8 23 28 17 8 

10 4
41 94 72 93 36 79 6 32 48 13 
1 3 0 33 5 49 36 16 16 41 
19 11 49 21 10 41 29 33 20 47 

10 5
91 63 91 16 57 79 95 15 64 44 
28 17 47 28 0 4 27 39 23 45 
32 44 8 33 15 18 25 45 4 47 

10 6
94 45 10 37 13 19 69 9 34 33 
5 12 2 4 42 3 11 21 44 34 
16 28 28 25 12 43 45 37 40 49 

10 7
86 86 97 48 24 10 68 93 19 2 
28 26 17 30 31 9 35 42 31 31 
28 49 10 6 26 22 1 22 11 44 

10 8
21 97 30 18 45 54 29 13 99 0 
18 29 27 35 10 10 46 47 4 29 
29 32 31 41 38 7 13 41 31 24 

10 9
35 5 73 66 23 70 72 4 36 24 
7 4 3 36 41 15 46 39 13 0 
19 44 32 2 35 22 9 0 13 43 

10 10
26 51 48 99 69 23 21 93 80 57 
17 37 11 21 25 4 38 21 44 1 
23 15 45 7 17 32 31 28 32 46 

